0.257699
0.706045
0.694542
0.785623
0.826085
0.797941
0.684393
0.816999
0.874621
0.719425
0.819408
0.620582
0.895610
0.655094
0.648870
0.740965
0.795136
0.773904
0.727229
0.815379
0.708358
0.751680
0.866344
0.728749
0.824804
0.805562
0.722601
0.627136
0.520279
0.683980
0.848242
0.709699
0.723411
0.745568
0.742298
0.813525
0.748259
0.732531
0.739594
0.734800
0.799875
0.665735
0.760989
0.810105
0.734607
0.859261
0.760514
0.682078
0.899806
0.865453
0.693713
0.729084
0.882365
0.691005
0.739611
0.746236
0.780023
0.845586
0.736995
0.662281
0.778224
0.723447
0.792424
0.759472
0.684203
0.656680
0.646266
0.696477
0.727847
1.012440
0.682601
0.613009
0.706120
0.696484
0.672896
0.845899
0.738661
0.665826
0.760232
0.673437
0.688670
0.613486
0.610647
0.850734
0.768971
0.722009
0.682986
0.746225
0.927128
0.866155
0.776543
0.810159
0.576061
0.604315
0.806076
0.817762
0.808012
0.798305
0.826904
0.722299
0.819418
0.814877
0.931258
0.903403
0.717090
0.914346
0.715812
0.823602
0.833687
0.841862
0.663520
0.796578
1.016756
0.948485
0.810146
0.741471
0.816213
0.695121
0.771969
0.755871
0.769263
0.776375
0.754706
0.882242
0.905037
0.832441
0.701546
0.740893
0.923372
0.818060
0.756465
0.753373
0.911738
0.911058
0.934281
0.837058
0.642238
0.819276
0.941721
0.790976
0.767102
0.828900
0.894770
1.028853
0.899832
0.905755
0.805543
0.778091
0.849491
1.113413
0.827576
0.767862
0.945003
0.926489
0.699673
0.934715
0.843485
0.862623
0.865793
0.849166
0.889233
0.938518
0.926391
0.869443
0.672125
0.777487
0.824058
0.831496
0.786637
0.824614
0.703994
0.855743
0.952384
0.841223
0.921499
0.920512
0.825650
0.894155
0.879745
0.903179
0.927287
0.890112
0.735424
0.845860
0.866011
1.035864
1.047432
0.898240
0.934893
0.793114
0.858104
0.821187
0.995587
1.004785
0.900612
0.860979
1.054475
1.023080
1.114306
0.922981
0.989104
0.903195
0.863680
0.943433
1.006799
1.084801
1.058510
1.052648
0.993830
0.942183
0.967925
1.135973
1.025738
1.064877
1.092961
0.927766
0.923156
1.101706
1.079643
1.125322
1.032071
1.008204
1.201459
1.208373
1.179724
1.230881
1.224083
1.313424
1.350285
1.143355
1.019296
1.270852
1.191843
1.272493
1.205824
1.129337
1.218480
1.306181
1.319691
1.309893
1.256405
1.264790
1.099242
1.308943
1.305893
1.219381
1.232557
1.264400
1.190578
1.426266
1.359303
1.407366
1.393191
1.216950
1.048433
1.149987
1.187498
1.359737
1.549302
1.383623
1.377792
1.126445
1.357519
1.350594
1.344387
1.509186
1.282025
1.484060
1.410654
1.311813
1.606757
1.375119
1.228496
1.582092
1.530933
1.221986
0.996134
1.253921
1.335095
1.495095
1.391092
1.417888
1.467602
1.552679
1.549481
1.571276
1.495120
1.607366
1.569561
1.526975
1.374788
1.562316
1.539503
1.526668
1.358749
1.253671
1.245092
1.451840
1.496505
1.471230
1.553133
1.412329
1.182011
1.396667
1.365582
1.460667
1.553586
1.633069
1.352868
1.439109
1.336893
1.404080
1.376432
1.317577
1.373696
1.168170
1.363240
1.397983
1.325042
1.548028
1.431141
1.355165
1.479738
1.505914
1.369397
1.169923
1.362457
1.377820
1.360844
1.319284
1.391411
1.343400
1.453877
1.381709
1.409307
1.121219
1.387696
1.309896
1.304741
1.529598
1.305993
1.260876
1.156750
1.306207
1.285673
1.200062
1.283714
1.244060
1.361537
1.260950
1.304319
1.268002
1.120624
1.256993
1.361474
1.434660
1.240491
1.353870
1.364219
1.137884
1.119010
1.124233
1.178518
1.229639
1.104611
1.210589
1.203770
1.265347
1.029357
1.269067
1.510804
1.292319
1.306176
1.426940
1.392381
1.398006
1.231122
1.205188
1.222056
1.117803
1.203732
1.302064
1.043763
1.094751
1.145718
1.150930
1.145795
0.989412
1.217684
1.197500
1.144948
1.185480
1.244008
1.140137
0.974135
1.087543
1.075107
0.985361
1.022110
1.146929
1.147009
1.193757
0.880092
1.031325
1.000474
0.979325
1.070550
1.028112
1.121679
1.076426
1.051898
1.083698
1.071322
0.974115
1.120888
0.956868
0.927345
0.979887
0.886713
1.096400
1.070489
1.028596
1.078955
0.945012
0.959309
1.003180
0.773598
0.807102
1.012058
0.929932
0.829623
0.803204
0.978444
0.952548
0.801713
0.874239
0.855397
0.876261
0.861765
0.940306
0.936857
0.776684
0.847529
0.744195
0.849073
0.759035
0.849677
0.844531
0.869452
0.697212
0.898159
0.875260
1.067812
0.847039
0.823679
0.918666
0.749557
0.760364
0.874729
0.898822
0.789421
0.853047
0.879110
0.823921
0.836989
0.936159
0.840186
0.769802
1.024728
0.995212
0.921397
0.821202
0.892368
0.796676
0.747193
0.813917
0.991021
0.851257
0.647407
0.695672
0.805610
0.788720
0.767085
0.667219
0.766425
0.666700
0.757381
0.638354
0.729670
0.822670
0.798365
0.644929
0.956249
0.798092
0.708963
0.712097
0.844636
0.927057
0.654528
0.711207
0.786460
0.851047
0.809260
0.792584
0.776195
0.704413
0.795447
0.753825
0.861976
0.852868
0.695231
0.430116
